0	47346	17160	67543	45386	74964	69062	76279	47237	51449	68735	6746	72462	50749	58151	74147	74810	49015	72882	78692	49571	62373	47611	63573	86346	78902	53745	46882	46210	58736	10420	57586	46919	64905	47684	50388	63559	41292	63746	25885
47346	0	31904	21173	6930	28593	22700	29909	319	5247	22383	52210	26111	4447	12015	27796	28458	2678	26530	32340	7890	16021	1259	17222	39995	32550	7394	924	3378	12384	38712	11234	962	18553	1348	4036	17208	7030	17394	42299
17160	31904	0	52541	30384	59962	54061	61278	32236	36447	53378	22024	57105	35393	42795	58790	59453	33658	57525	63335	34214	47016	32254	48216	70990	63545	38388	31525	30853	43379	8048	42229	31562	49548	32327	35031	48203	25935	48389	12500
67543	21173	52541	0	26981	20265	32591	9340	20600	22749	10340	72407	10049	19863	20204	39725	24426	18652	6879	18276	27164	29555	20577	14362	50383	44945	19272	21441	23718	10133	58909	24742	21478	3539	20189	19741	29386	27227	23949	62496
45386	6930	30384	26981	0	34608	27697	35924	6747	11689	28709	50250	32437	11093	18662	32930	34785	8963	32856	38666	4672	21155	7497	23548	45129	37684	13496	7016	4504	18710	36752	16368	7054	24879	7633	10362	22342	5070	23720	40339
74964	28593	59962	20265	34608	0	23269	19013	28285	31727	10400	79828	13361	30241	34693	30149	9892	26073	20433	8132	34585	26671	27997	13461	40807	35369	25771	28862	31139	16635	66330	27192	28899	17620	27609	27162	21918	34648	16863	69917
69062	22700	54061	32591	27697	23269	0	34720	22748	26481	24270	73927	28666	25014	33050	7329	14858	20277	35179	30769	25028	10382	22188	22151	17987	12549	17843	22968	24502	24367	60428	12049	23006	30489	21799	19449	5862	28746	12279	64015
76279	29909	61278	9340	35924	19013	34720	0	29442	31591	9993	81144	6775	28599	28941	41254	25099	27389	4008	14397	35901	35668	29313	18312	51913	46474	28009	30177	32455	17979	67646	32621	30215	12335	28925	28478	30915	35964	25860	71233
47237	319	32236	20600	6747	28285	22748	29442	0	5242	22329	52102	26057	4407	11975	27742	28405	2712	26476	32286	7790	15967	1205	17168	39941	32497	7340	688	3279	12330	38604	11180	725	18499	1381	3982	17154	6922	17340	42191
51449	5247	36447	22749	11689	31727	26481	31591	5242	0	25771	56313	29499	3657	9327	31475	31847	6663	28625	35728	12732	19700	5216	20610	43674	36230	11038	5536	8220	15772	42815	14913	5573	20868	5433	7928	20887	11133	20782	46402
68735	22383	53378	10340	28709	10400	24270	9993	22329	25771	0	74030	4665	23580	26645	30736	15075	19984	11210	10164	28737	26041	22149	9162	42285	36847	20845	23013	25291	10787	60482	23672	23051	8391	21761	21314	21288	28800	16233	64069
6746	52210	22024	72407	50250	79828	73927	81144	52102	56313	74030	0	77801	55552	63095	79673	79397	53847	78050	83827	54866	67668	52906	68868	91642	84197	59040	52177	51505	64031	16216	62881	52214	70200	52979	55683	68855	46587	69041	31000
72462	26111	57105	10049	32437	13361	28666	6775	26057	29499	4665	77801	0	27308	28296	35132	19471	23712	9215	8718	32558	30138	25970	12983	46382	40944	24666	26834	29112	14608	64303	27493	26872	10317	25582	25135	25385	32621	20329	67890
50749	4447	35393	19863	11093	30241	25014	28599	4407	3657	23580	55552	27308	0	10254	30761	30018	5275	25505	34239	11827	18420	4311	19186	42394	34950	9757	4631	7315	13649	42054	13633	4669	18046	4208	6648	19607	10372	19359	45641
58151	12015	42795	20204	18662	34693	33050	28941	11975	9327	26645	63095	28296	10254	0	38796	37752	13310	25846	36108	19406	26374	11890	25565	50348	42904	17712	12210	14894	18682	49597	21587	12247	18527	12108	14603	27561	17915	27456	53184
74147	27796	58790	39725	32930	30149	7329	41254	27742	31475	30736	79673	35132	30761	38796	0	21381	25441	42560	37822	30775	12546	27934	28618	14045	5489	23589	28715	30249	30833	66175	17922	28752	36956	27546	25196	12328	34493	18745	69762
74810	28458	59453	24426	34785	9892	14858	25099	28405	31847	15075	79397	19471	30018	37752	21381	0	26060	26405	17566	32087	18278	27566	13332	32040	26602	22939	28430	30708	19170	65899	19550	28468	21592	27178	25519	13525	34217	11265	69485
49015	2678	33658	18652	8963	26073	20277	27389	2712	6663	19984	53847	23712	5275	13310	25441	26060	0	24294	30071	9126	13666	2016	14823	37640	30196	5003	2866	5027	9985	40349	8879	2903	16154	1628	1894	14853	8667	14995	43936
72882	26530	57525	6879	32856	20433	35179	4008	26476	28625	11210	78050	9215	25505	25846	42560	26405	24294	0	16990	32807	35197	26219	16932	53218	47780	24914	27083	29360	16378	64551	30384	27120	9865	25831	25384	32221	32869	27166	68138
78692	32340	63335	18276	38666	8132	30769	14397	32286	35728	10164	83827	8718	34239	36108	37822	17566	30071	16990	0	38584	34091	31996	19009	48481	43042	30691	32860	35138	20634	70328	33518	32897	18237	31608	31161	29338	38646	24283	73915
49571	7890	34214	27164	4672	34585	25028	35901	7790	12732	28737	54866	32558	11827	19406	30775	32087	9126	32807	38584	0	18558	8152	23427	42352	35093	10968	8065	5276	18704	40907	13573	8073	24927	8661	8991	19630	9246	21341	44665
62373	16021	47016	29555	21155	26671	10382	35668	15967	19700	26041	67668	30138	18420	26374	12546	18278	13666	35197	34091	18558	0	15384	20745	25964	16865	11380	16497	18165	21143	53709	5686	16328	27318	15156	12838	5379	22048	12804	57467
47611	1259	32254	20577	7497	27997	22188	29313	1205	5216	22149	52906	25970	4311	11890	27934	27566	2016	26219	31996	8152	15384	0	16839	39511	32253	6935	1834	3805	12116	38947	10732	1566	18340	878	3639	16789	7287	16820	42705
63573	17222	48216	14362	23548	13461	22151	18312	17168	20610	9162	68868	12983	19186	25565	28618	13332	14823	16932	19009	23427	20745	16839	0	39475	33790	14019	17698	19857	7678	54910	16086	17529	11665	16313	15742	18428	23249	13152	58667
86346	39995	70990	50383	45129	40807	17987	51913	39941	43674	42285	91642	46382	42394	50348	14045	32040	37640	53218	48481	42352	25964	39511	39475	0	11535	35354	40471	42139	41972	77683	29298	40302	48146	39130	36811	23223	46022	29678	81440
78902	32550	63545	44945	37684	35369	12549	46474	32497	36230	36847	84197	40944	34950	42904	5489	26602	30196	47780	43042	35093	16865	32253	33790	11535	0	27909	33027	34695	36534	70238	22215	32857	42708	31685	29367	17785	38578	24240	73996
53745	7394	38388	19272	13496	25771	17843	28009	7340	11038	20845	59040	24666	9757	17712	23589	22939	5003	24914	30691	10968	11380	6935	14019	35354	27909	0	7870	10104	10812	45081	6387	7701	17035	6493	4210	12445	13421	12192	48839
46882	924	31525	21441	7016	28862	22968	30177	688	5536	23013	52177	26834	4631	12210	28715	28430	2866	27083	32860	8065	16497	1834	17698	40471	33027	7870	0	3324	12980	38218	11513	31	19204	1982	4420	17570	6557	17684	41975
46210	3378	30853	23718	4504	31139	24502	32455	3279	8220	25291	51505	29112	7315	14894	30249	30708	5027	29360	35138	5276	18165	3805	19857	42139	34695	10104	3324	0	15258	37546	13047	3561	21481	4150	6697	19104	5885	19961	41303
58736	12384	43379	10133	18710	16635	24367	17979	12330	15772	10787	64031	14608	13649	18682	30833	19170	9985	16378	20634	18704	21143	12116	7678	41972	36534	10812	12980	15258	0	50072	15939	12691	7388	11475	10904	20643	18411	15283	53829
10420	38712	8048	58909	36752	66330	60428	67646	38604	42815	60482	16216	64303	42054	49597	66175	65899	40349	64551	70328	40907	53709	38947	54910	77683	70238	45081	38218	37546	50072	0	48973	38302	56672	39361	41880	55030	32887	55152	17378
57586	11234	42229	24742	16368	27192	12049	32621	11180	14913	23672	62881	27493	13633	21587	17922	19550	8879	30384	33518	13573	5686	10732	16086	29298	22215	6387	11513	13047	15939	48973	0	11541	22505	10369	8050	6651	17261	10847	52679
46919	962	31562	21478	7054	28899	23006	30215	725	5573	23051	52214	26872	4669	12247	28752	28468	2903	27120	32897	8073	16328	1566	17529	40302	32857	7701	31	3561	12691	38302	11541	0	19241	2019	4457	17608	6595	17721	42013
64905	18553	49548	3539	24879	17620	30489	12335	18499	20868	8391	70200	10317	18046	18527	36956	21592	16154	9865	18237	24927	27318	18340	11665	48146	42708	17035	19204	21481	7388	56672	22505	19241	0	17644	17073	26766	24580	21405	59998
47684	1348	32327	20189	7633	27609	21799	28925	1381	5433	21761	52979	25582	4208	12108	27546	27178	1628	25831	31608	8661	15156	878	16313	39130	31685	6493	1982	4150	11475	39361	10369	2019	17644	0	3251	16401	7360	16431	42778
50388	4036	35031	19741	10362	27162	19449	28478	3982	7928	21314	55683	25135	6648	14603	25196	25519	1894	25384	31161	8991	12838	3639	15742	36811	29367	4210	4420	6697	10904	41880	8050	4457	17073	3251	0	14051	10064	14772	45482
63559	17208	48203	29386	22342	21918	5862	30915	17154	20887	21288	68855	25385	19607	27561	12328	13525	14853	32221	29338	19630	5379	16789	18428	23223	17785	12445	17570	19104	20643	55030	6651	17608	26766	16401	14051	0	23235	8681	58653
41292	7030	25935	27227	5070	34648	28746	35964	6922	11133	28800	46587	32621	10372	17915	34493	34217	8667	32869	38646	9246	22048	7287	23249	46022	38578	13421	6557	5885	18411	32887	17261	6595	24580	7360	10064	23235	0	23470	36386
63746	17394	48389	23949	23720	16863	12279	25860	17340	20782	16233	69041	20329	19359	27456	18745	11265	14995	27166	24283	21341	12804	16820	13152	29678	24240	12192	17684	19961	15283	55152	10847	17721	21405	16431	14772	8681	23470	0	58840
25885	42299	12500	62496	40339	69917	64015	71233	42191	46402	64069	31000	67890	45641	53184	69762	69485	43936	68138	73915	44665	57467	42705	58667	81440	73996	48839	41975	41303	53829	17378	52679	42013	59998	42778	45482	58653	36386	58840	0